100
27 2044
21 6361
35 7457
53 294
57 5722
20 3911
67 9919
42 5605
16 5258
24 7376
98 9351
78 7042
65 1834
30 3828
61 4044
27 3114
59 819
35 628
62 5473
26 4151
34 303
31 3735
15 8869
62 771
33 704
84 7956
64 5358
63 2115
91 883
40 710
5 9282
96 9823
9 6765
24 392
57 7655
55 1372
34 1795
70 7523
13 7397
85 9763
22 6278
38 4132
21 8429
57 8839
96 1262
25 9497
26 4334
25 6904
88 6612
66 8374
40 7378
77 5075
6 5185
22 5059
19 4216
63 4809
75 6611
27 3013
9 7971
91 3203
30 3286
97 9839
39 1321
88 2251
32 7298
83 5881
72 6682
97 3779
98 2249
60 4250
21 7539
30 13
95 979
17 7695
37 6311
9 5595
81 4579
74 7469
91 4463
45 2082
95 3312
46 2885
6 9743
67 5308
71 7550
97 2565
27 3014
99 6984
31 3558
48 6831
39 9242
8 247
62 145
6 1769
62 7618
80 5186
3 1097
16 785
6 1027
50 3648
