100
11 2852
83 7753
100 4264
33 7329
56 5692
93 3336
60 6453
65 9996
82 5860
100 4598
29 9923
2 5873
44 6111
55 4575
77 5012
64 5948
50 1832
34 1263
30 2007
67 4310
90 1165
3 4090
68 1663
43 2492
93 1350
43 4229
99 5591
48 7423
91 21
58 3896
34 5886
55 2160
25 9435
12 1142
72 8330
26 3248
68 2516
23 7650
42 4472
25 8829
36 9821
38 6099
17 6026
70 4400
20 2516
6 8906
40 9546
13 1243
74 2028
1 3336
25 4785
24 9700
62 5913
37 4553
8 1513
27 7937
42 877
95 822
1 2848
70 8165
29 43
85 3114
17 4677
5 6293
30 4283
37 632
13 7443
22 2564
17 617
19 8018
17 3669
81 6869
22 7415
9 3108
17 1163
52 4734
91 3766
50 6148
14 1030
10 3021
6 4324
8 7626
71 7399
22 5344
13 9060
81 3301
74 3439
75 8499
87 1553
37 9462
90 7187
98 1348
2 4357
8 5498
7 1309
45 8477
31 4387
63 8661
34 2716
84 4592
