100
43 8448
25 9847
46 4659
87 8005
71 3369
61 4148
16 3958
94 2987
36 9527
67 4443
90 8453
49 3984
21 5908
90 174
95 8013
56 9692
5 7684
36 1525
33 1502
32 8284
91 8579
3 7686
24 7163
26 6699
49 2688
14 8163
80 8261
59 9490
97 2054
53 6963
4 8601
18 8666
2 5758
85 3023
97 753
10 2882
54 1659
4 3916
54 4800
20 1434
50 5439
61 679
92 7961
66 7333
83 9673
59 4387
99 3665
73 65
57 6049
20 2089
89 6242
30 1207
34 5597
76 9590
7 7891
73 3397
97 1917
31 2500
83 5504
45 7766
10 6667
30 4030
21 4657
94 6488
68 18
63 2393
19 2733
91 6104
63 4788
45 8848
85 1816
34 2146
72 8093
29 7605
85 7589
74 4959
5 6458
44 8232
38 4892
22 5981
59 5610
0 3064
90 4527
38 1776
83 3688
6 8296
74 5765
91 5982
45 8577
100 9287
50 3545
92 3084
83 5251
81 6194
100 3683
61 2745
11 4566
14 5371
31 2871
72 5713
