173
1 53
2 4
3 70
4 100
5 54
6 13
7 42
8 23
9 49
10 55
11 47
12 130
13 89
14 116
15 99
16 7
17 149
18 64
19 125
20 27
21 132
22 1
23 29
24 78
25 61
26 141
27 84
28 159
29 34
30 166
31 142
32 18
33 89
34 9
35 132
36 76
37 23
38 53
39 108
40 153
41 12
42 78
43 168
44 146
45 160
46 100
47 72
48 39
49 54
50 170
51 85
52 151
53 30
54 150
55 13
56 50
57 41
58 77
59 135
60 6
61 28
62 15
63 88
64 129
65 54
66 64
67 13
68 173
69 137
70 37
71 148
72 2
73 48
74 10
75 106
76 10
77 79
78 41
79 169
80 45
81 74
82 93
83 63
84 81
85 127
86 38
87 8
88 93
89 101
90 146
91 132
92 155
93 3
94 166
95 151
96 66
97 95
98 169
99 109
100 87
101 166
102 96
103 143
104 106
105 100
106 146
107 79
108 150
109 158
110 60
111 118
112 16
113 47
114 59
115 89
116 173
117 87
118 168
119 36
120 114
121 16
122 89
123 149
124 159
125 134
126 99
127 136
128 107
129 150
130 1
131 38
132 138
133 113
134 66
135 118
136 23
137 103
138 104
139 15
140 66
141 34
142 88
143 43
144 161
145 161
146 6
147 164
148 16
149 95
150 114
151 113
152 8
153 32
154 160
155 88
156 63
157 5
158 59
159 132
160 91
161 1
162 157
163 98
164 128
165 141
166 87
167 77
168 139
169 105
170 106
171 69
172 71
173 35
