408
1 186
2 200
3 378
4 110
5 136
6 166
7 121
8 62
9 267
10 337
11 247
12 12
13 309
14 332
15 381
16 322
17 69
18 119
19 269
20 77
21 404
22 281
23 251
24 336
25 124
26 137
27 243
28 176
29 158
30 352
31 175
32 108
33 104
34 307
35 337
36 367
37 144
38 255
39 259
40 372
41 314
42 39
43 271
44 340
45 398
46 147
47 325
48 319
49 19
50 156
51 175
52 73
53 373
54 234
55 71
56 5
57 232
58 354
59 12
60 405
61 88
62 378
63 209
64 183
65 187
66 37
67 110
68 64
69 152
70 300
71 253
72 326
73 186
74 304
75 350
76 232
77 159
78 15
79 85
80 106
81 229
82 205
83 234
84 3
85 233
86 255
87 218
88 20
89 223
90 201
91 55
92 272
93 35
94 291
95 1
96 174
97 51
98 21
99 351
100 200
101 91
102 273
103 146
104 107
105 201
106 134
107 235
108 139
109 186
110 142
111 165
112 258
113 341
114 33
115 326
116 339
117 389
118 371
119 250
120 36
121 262
122 51
123 199
124 43
125 408
126 22
127 249
128 7
129 134
130 46
131 325
132 25
133 370
134 350
135 269
136 315
137 204
138 347
139 104
140 297
141 75
142 90
143 241
144 205
145 188
146 123
147 173
148 269
149 215
150 29
151 340
152 345
153 340
154 364
155 185
156 107
157 302
158 210
159 288
160 203
161 65
162 274
163 273
164 169
165 408
166 50
167 20
168 390
169 201
170 100
171 221
172 229
173 247
174 109
175 20
176 215
177 99
178 191
179 179
180 81
181 306
182 146
183 241
184 388
185 69
186 49
187 208
188 366
189 14
190 382
191 1
192 256
193 90
194 349
195 110
196 255
197 295
198 232
199 297
200 133
201 167
202 124
203 253
204 358
205 345
206 84
207 255
208 360
209 342
210 22
211 370
212 287
213 297
214 359
215 49
216 121
217 383
218 233
219 221
220 269
221 310
222 249
223 383
224 318
225 47
226 378
227 231
228 231
229 205
230 298
231 18
232 219
233 299
234 349
235 16
236 375
237 63
238 282
239 245
240 396
241 198
242 366
243 2
244 217
245 37
246 194
247 309
248 347
249 14
250 156
251 119
252 100
253 117
254 108
255 406
256 29
257 344
258 299
259 85
260 94
261 287
262 401
263 180
264 361
265 63
266 197
267 269
268 300
269 100
270 127
271 397
272 57
273 89
274 35
275 193
276 11
277 74
278 35
279 11
280 153
281 146
282 280
283 141
284 320
285 183
286 48
287 347
288 105
289 58
290 356
291 141
292 314
293 33
294 224
295 179
296 261
297 223
298 384
299 344
300 260
301 307
302 165
303 63
304 182
305 171
306 167
307 11
308 112
309 128
310 170
311 103
312 328
313 40
314 320
315 79
316 378
317 151
318 351
319 41
320 178
321 310
322 373
323 312
324 358
325 238
326 195
327 159
328 394
329 179
330 392
331 395
332 7
333 170
334 137
335 189
336 390
337 243
338 52
339 402
340 211
341 192
342 99
343 347
344 31
345 199
346 299
347 256
348 178
349 330
350 354
351 45
352 91
353 194
354 271
355 335
356 53
357 98
358 402
359 126
360 172
361 177
362 119
363 314
364 245
365 156
366 57
367 349
368 53
369 172
370 23
371 38
372 233
373 118
374 250
375 230
376 93
377 116
378 82
379 90
380 40
381 274
382 300
383 122
384 137
385 351
386 39
387 339
388 140
389 367
390 117
391 317
392 401
393 285
394 33
395 115
396 193
397 259
398 12
399 346
400 160
401 363
402 159
403 180
404 339
405 344
406 166
407 126
408 252
