102
1 16
2 91
3 67
4 25
5 62
6 99
7 37
8 80
9 89
10 52
11 61
12 71
13 63
14 81
15 19
16 93
17 66
18 27
19 73
20 1
21 4
22 96
23 65
24 46
25 95
26 8
27 75
28 101
29 55
30 83
31 33
32 60
33 29
34 69
35 17
36 59
37 44
38 47
39 10
40 24
41 13
42 76
43 26
44 53
45 3
46 49
47 86
48 43
49 72
50 38
51 41
52 45
53 22
54 82
55 70
56 28
57 102
58 94
59 79
60 30
61 32
62 14
63 57
64 42
65 87
66 35
67 97
68 9
69 39
70 50
71 7
72 40
73 100
74 20
75 34
76 98
77 6
78 88
79 85
80 48
81 77
82 11
83 15
84 92
85 84
86 56
87 21
88 51
89 64
90 90
91 78
92 18
93 2
94 58
95 12
96 5
97 23
98 54
99 36
100 68
101 31
102 74
