124
1 7
2 110
3 121
4 105
5 76
6 99
7 52
8 122
9 80
10 85
11 19
12 75
13 29
14 103
15 16
16 68
17 51
18 64
19 20
20 118
21 13
22 66
23 69
24 4
25 82
26 12
27 102
28 49
29 78
30 120
31 44
32 2
33 40
34 6
35 65
36 84
37 24
38 74
39 41
40 17
41 9
42 11
43 31
44 70
45 73
46 47
47 107
48 101
49 114
50 14
51 92
52 109
53 22
54 45
55 117
56 3
57 28
58 86
59 106
60 34
61 8
62 61
63 48
64 21
65 50
66 55
67 10
68 33
69 5
70 93
71 25
72 89
73 36
74 26
75 46
76 83
77 53
78 15
79 38
80 56
81 108
82 97
83 62
84 77
85 30
86 113
87 90
88 58
89 119
90 112
91 81
92 57
93 100
94 42
95 1
96 35
97 124
98 59
99 18
100 98
101 67
102 104
103 60
104 79
105 96
106 88
107 71
108 95
109 87
110 91
111 123
112 32
113 23
114 39
115 37
116 72
117 94
118 116
119 111
120 54
121 63
122 27
123 115
124 43
