1000
4903 7568
2492 5668
1863 2235
2232 1056
2036 8722
4408 5690
5116 364
7665 416
1080 2577
6998 1411
5283 650
748 3766
7870 5673
7573 3530
2065 9975
69 7241
5616 6723
2316 6200
3884 9532
7853 1255
311 4672
6773 1736
9712 2776
8808 835
4583 6032
930 3881
1877 5684
3639 2816
9971 8409
2034 2882
8216 199
2017 9811
9924 9405
5247 8210
3703 463
1464 7087
6636 8411
4584 6469
4921 7621
6107 7862
4443 598
7803 7561
9851 9191
6348 301
6330 367
9576 1426
3359 3461
5258 5161
4247 4240
9825 9949
5722 7623
4011 4724
5243 7337
4290 9843
1280 844
6389 3848
1006 8884
8080 8717
1492 5177
8868 2203
9224 8510
7898 1358
1315 9423
2664 613
1445 13
6594 5927
1543 2482
3776 332
5875 2127
5198 2874
8832 8886
1062 3932
9112 4840
9342 5042
7031 1178
6570 1261
5150 7294
4442 1631
642 4603
3333 1687
4786 5613
3717 6228
8260 9712
7544 241
8124 2567
7323 5211
9487 8429
5931 848
5920 468
3230 8081
1420 7520
5707 5903
5263 3671
8574 1184
6124 5774
5604 8742
533 2100
2688 1298
5231 9163
5386 6516
698 5097
8256 3292
2445 7839
278 8766
4697 9717
8878 3718
8499 6842
9746 4345
5784 4034
4551 2579
4965 8593
7624 7807
8606 8236
8408 2753
8650 7330
1075 3303
5177 9797
6332 4620
8923 2202
4941 2637
6094 1338
7083 9315
9942 7924
9242 4634
304 2790
5230 3375
6142 2447
2364 3860
5674 8568
4468 9267
9007 6008
2642 3971
9 2581
6452 2480
6929 9335
1392 7072
3868 2823
7989 853
2099 9660
1340 1459
4629 9748
7552 4637
8975 8059
4700 3918
9937 165
4976 8398
7889 3161
924 8401
9983 735
4674 9870
3962 4756
1866 6793
3218 5962
3059 2982
3531 2022
6202 1188
6381 3415
8071 8835
3507 1526
8750 6339
1813 1525
8180 4401
8193 3757
9050 7485
5647 9871
3443 763
3600 4233
9693 5530
8119 4774
2773 1271
9308 5086
4885 2504
3848 428
6944 9612
6724 6942
4497 1785
7012 9436
3741 9717
2292 5354
1478 3138
1847 2533
8493 3430
8711 9902
3083 3689
7318 3046
9966 8745
202 7531
7860 2374
1141 5775
8275 287
9168 9675
1349 6308
989 8216
3345 2683
7693 3492
4207 9152
3056 517
1188 3837
1689 1526
8253 4346
8260 3657
7480 5109
793 4609
883 1345
1477 7163
777 3103
8396 7775
327 3743
3000 8017
7494 899
8086 7574
1001 5297
4377 4244
4265 2081
6615 6367
780 4171
8440 4839
7595 3389
8363 5981
3405 17
5316 7258
3450 3857
8071 5447
1015 3624
1117 8164
4795 2244
4533 3021
6073 1535
754 8954
5264 3245
289 6051
589 9616
2154 5680
5511 5010
3615 160
5472 2757
7617 7583
9147 4891
414 8243
8621 4726
198 383
8370 223
8971 4662
3281 4047
1779 8807
6120 3477
2165 3279
2961 7175
2866 1675
7973 4075
4121 1756
913 1791
5664 2585
870 675
9428 3449
3480 9219
2804 5111
8427 6567
5205 4820
8714 2621
4525 1457
3558 3860
9958 4004
2607 8905
3806 3129
5651 428
7713 4805
8446 5799
7417 8626
6489 7601
7555 392
4985 3146
1283 8705
2936 5151
8777 3189
6247 1136
4539 2485
2661 9314
569 1887
8262 8559
2061 9135
6995 5843
4513 1572
286 2898
661 1081
8319 3752
5395 1462
7470 3086
3692 3644
1872 737
8031 8135
4628 846
6026 2299
1381 7061
9331 9770
3102 9522
2818 5622
4985 6023
1855 5575
5296 4759
1632 9891
3795 8666
9845 4617
2702 6890
699 7391
3503 5292
1939 5301
1008 5533
194 466
7540 4983
1267 8852
5488 8492
355 1112
2180 1796
3983 4910
5811 8066
9595 3009
3447 7151
8413 6482
3457 6794
4879 3298
3329 6936
9037 8947
6628 9031
6294 794
6956 3250
6003 5894
5048 335
4027 2129
1693 1832
8139 1413
5667 3269
1944 1951
8479 6985
2038 5599
2803 7054
7715 8635
9286 5443
8787 5130
6049 3180
3879 7016
9466 2993
9175 2981
2901 5900
2797 9796
2764 6647
8632 2764
8928 5962
3138 8967
9508 9481
3586 7017
338 9455
8839 1333
6655 3090
895 4542
7101 3794
2165 9886
1279 1846
9458 131
5611 1430
9620 3954
3427 970
9229 9694
7767 2830
9783 9237
4696 9999
9692 8865
5540 6939
1868 2364
6576 1594
6770 1663
6653 9329
5169 988
9724 6580
7393 6895
9248 7168
8790 7939
9714 3074
3611 1420
9484 9639
7015 6577
2841 2378
9156 6308
962 2984
581 4034
1789 726
5806 9222
1866 7380
9189 3301
6376 1228
5237 7315
2645 5337
4222 8360
2020 2890
7216 7147
6767 8582
673 2149
4223 2433
8132 5324
6625 238
7443 6653
3554 3078
9817 8681
7556 4072
8097 755
1601 4274
1971 6901
9115 3127
7413 8930
6152 112
8000 6005
101 1811
2466 7086
3689 4432
156 7495
5026 9615
1147 8692
9031 3696
9343 9173
8795 3733
4732 395
8478 1251
9986 8410
5297 9641
7439 8663
2458 8679
2105 774
8061 9991
6714 5579
7195 1132
190 4076
2075 301
1547 8931
8318 5306
1967 4128
2375 1417
6537 2012
6840 6106
8628 9231
6259 8568
2976 3625
4277 5180
7317 9641
5637 8190
2993 1313
2819 6645
4047 1176
1620 8174
7891 1679
7524 3370
4129 9767
5709 3586
7777 4669
1528 3556
2607 8401
4025 6397
7794 8021
5281 3314
7287 2193
8672 3015
9874 9682
7206 5293
5774 2911
3589 537
6383 5557
1237 9886
4517 1252
5028 2148
5022 4305
1446 2980
677 8622
4963 2239
4300 3382
7326 4307
6596 6511
6856 5007
3503 6141
569 4248
2484 7386
139 1464
1688 5892
7210 2785
9715 7796
507 6485
2249 4724
6584 1201
7765 8028
1392 7986
9967 4594
1303 1804
9977 2367
3749 3726
3770 9599
3545 6779
7560 4304
5964 8191
2685 1949
6609 6909
5130 4908
3023 3309
5200 1653
2462 1102
6956 956
5728 310
2760 4012
4396 2564
1874 9532
3243 4514
2291 4862
1805 2051
3060 8594
1655 3144
9278 6343
9689 4506
8856 8952
5271 3602
558 9572
5778 1878
7276 6123
3546 5520
2273 5753
9747 9669
9026 17
164 5526
5304 1761
388 2283
9001 9048
4231 1224
1273 4113
2806 3246
110 8144
6507 3530
8633 4906
2255 6487
6923 9174
3312 7370
7438 2647
1374 6126
9019 7280
7880 3860
3179 1073
4893 7972
976 9246
8826 8720
6604 4087
3823 2613
3077 2324
6758 1647
3606 7107
3505 7757
8577 9123
4503 7383
9060 290
1349 4810
5090 72
7408 7612
855 8439
4513 285
5336 5348
6627 4888
614 40
261 4254
991 4159
2494 2037
5066 4598
9248 4124
4374 7283
6610 4046
6430 9371
3704 7853
4666 4823
1196 1790
2139 4579
3629 2943
9287 4550
3073 7254
2784 3334
1030 918
3445 9385
7567 365
7615 2712
7354 3056
6701 2123
2622 6638
5103 8873
6742 3676
5195 363
8869 1383
8860 6374
1460 5432
1998 918
9366 5007
8898 222
3407 4513
3809 9318
4918 6994
9520 3690
9814 4337
2156 6770
7236 2658
3195 5251
9883 353
8118 7718
1341 8427
2146 134
1541 6144
7843 2112
2521 120
8448 9290
4765 4137
600 1554
3347 6499
6004 2861
5460 4548
3778 4606
5283 422
8997 4304
1618 4360
1712 3123
6043 7243
8574 3839
6630 4339
1057 914
6747 3224
74 8941
9137 2081
1704 1068
9897 3645
410 5925
1950 4908
2334 682
3724 3710
9284 3135
1253 4244
2031 2370
9962 2972
4394 5122
6798 6767
6246 2589
566 7840
3703 584
315 7769
1378 3059
6778 8041
7364 7682
1545 9473
1071 3102
1495 2692
2458 5962
4267 6426
7108 2321
541 3072
1518 3729
7346 460
8028 6288
8900 4223
5789 4817
6104 3735
2519 2538
3766 9887
7696 1128
3483 4927
7884 8799
8088 3297
4352 6661
3507 5803
8684 8005
2896 3421
8023 5419
6680 8374
1992 8943
6513 7235
1194 1196
1169 2925
163 3286
4593 5304
68 9112
4761 4866
4806 1981
8340 3410
2422 4855
5483 2931
165 5533
1737 9149
1466 5282
7747 5213
7633 1599
6263 1782
1913 9161
5794 3996
8371 7941
781 524
2424 3599
2713 395
915 578
4233 2903
9393 2271
3658 645
7223 9212
3191 9999
5506 3307
5978 1354
9881 1539
2465 5213
643 2621
7310 9720
6664 8079
3760 2878
2493 2171
7316 7409
4725 6358
822 6267
2781 3873
9153 4161
5328 7607
2099 4882
6006 1102
4268 6156
3309 7534
1646 7542
5579 8338
5070 2196
2619 3959
5493 7199
8555 288
622 6402
6228 2120
9743 6590
2478 7805
7287 5297
7191 3802
8425 6550
2263 6768
7807 7461
5020 5349
5269 6195
8733 9333
400 8278
7213 205
1258 2666
3080 8907
8318 4826
6572 4172
1356 7755
5072 5017
6793 4370
7824 6698
5621 9084
2817 2163
2848 2795
946 7095
6698 1593
2799 796
5809 5639
3577 2016
866 8914
6618 621
5850 1770
8688 8038
1536 8282
3763 8313
6506 7271
1744 1360
1911 9633
2697 5753
9401 9666
5692 3955
9577 9750
2414 6656
3333 1385
2366 3484
5311 3648
7486 5839
4263 1531
9656 639
9744 91
771 1705
7012 7023
5283 1768
3835 1083
3739 2548
4711 56
574 1081
5522 8174
7137 5426
9858 623
9947 481
6249 2327
8314 614
5341 2979
4113 878
3647 7254
3608 6122
6069 3167
2521 9463
2472 7793
7498 5304
3485 2546
7463 3286
2978 5441
4645 1110
9820 3257
8407 2485
1145 4304
1014 2512
6945 2778
907 2659
5170 855
2426 9472
8426 9279
7850 2528
8632 6175
9042 8508
8312 4292
6197 5968
7875 8556
1994 7372
3218 5131
7604 5748
5009 5192
6745 2762
7174 3397
5730 9989
6022 9480
840 8095
584 2898
5134 975
4468 4380
7045 3145
1478 1149
631 7126
5103 7758
4366 4302
1806 2730
298 6262
6084 7789
9584 7575
857 2483
218 7454
2730 5527
9335 9104
7229 3443
4290 6060
5605 6767
7679 5380
2362 2751
7264 9132
4402 6426
176 4203
5327 404
4303 9072
2474 4814
242 1768
3606 3461
7629 539
6567 6971
3891 6632
5249 9143
712 201
8211 1350
4295 9497
734 9345
3654 7340
8777 274
3150 2549
8604 7105
592 4595
9720 1077
9466 7687
7204 8048
1959 9723
9585 2861
6973 1555
8655 3098
2439 3230
6131 1469
1176 8347
2145 9088
269 5978
6192 9325
5762 5775
4246 3999
7867 4130
701 1344
9539 1388
9673 4082
1153 7246
4111 1241
1680 5805
7923 6017
475 6937
3589 7836
9124 5295
5388 5333
1107 3964
2938 7383
7678 4222
3743 1541
8758 9130
3964 5671
5397 9028
5744 7065
8363 3396
9757 86
6646 8122
4415 7092
4186 2770
2523 7916
834 6372
7196 7533
3239 106
2103 360
2742 1217
1299 9751
445 2908
9834 1593
5041 1107
3257 557
2034 4130
4683 2585
6505 8503
8705 5431
5200 8778
9120 7199
7427 2242
5977 208
3153 9132
4064 327
250 4424
4487 1295
6195 3147
7920 1887
3868 610
8223 5539
1884 4320
3515 3318
3048 5146
8584 7753
3608 9883
3768 8149
2115 8037
9857 3518
5914 1439
1158 7244
8681 4727
2629 694
3529 2419
5159 5975
1751 9143
3856 2265
1765 2674
7522 2614
1467 9136
5639 5890
4623 1832
885 8992
419 8430
7216 3628
150 233
4732 2516
2425 4328
2248 774
6695 3908
7566 1001
8632 2501
1056 1624
3154 6327
612 8655
4320 6172
1140 3603
2579 8240
8451 5269
9632 9637
3579 668
1124 6283
8421 5726
446 5987
6725 4371
2626 999
5047 2718
6996 964
7855 9821
1933 7206
6842 282
808 2011
4921 5077
5883 4526
2786 9088
1780 8430
5822 2500
6065 9747
8324 5624
1397 7245
8422 2103
2497 6720
6171 5943
580 4807
6071 2474
9943 121
7284 9720
4663 5580
