1000
9386 1638
2911 1461
8123 6506
9199 2426
4020 5265
4734 2539
9295 2558
9153 6436
4517 984
6592 2182
325 4498
2067 629
3485 533
6223 417
8112 9462
5596 6863
9516 8632
9196 5882
9683 2378
8833 3370
9845 6296
8476 8872
9301 28
8887 284
4809 1106
2717 8625
9025 9046
9169 6693
230 4122
3679 7965
4953 471
904 5419
382 2136
6601 6492
9390 8052
5401 7566
3966 6392
421 801
3053 4987
7182 2903
1553 6896
7982 7553
6395 9670
8895 6827
5702 5500
2578 7646
9855 1796
812 2504
8751 2993
4738 856
255 6959
7541 6374
796 3976
667 4573
9944 5689
9456 4996
1463 5421
4277 6819
7426 7377
2264 4667
3340 3026
9667 8985
1006 2081
7390 5399
5310 4349
4248 5736
2403 1226
2168 9654
3843 1012
9232 3409
910 1443
847 4384
9022 611
2981 7169
9436 3045
1720 2272
1220 8772
2825 4376
2475 606
8984 4913
7359 7213
3858 9602
2585 7498
3963 5320
9205 4452
6737 7365
7383 6313
5664 8412
6338 2088
6667 4818
1424 3590
9842 1127
788 3448
629 852
8309 2866
8828 6765
4135 454
1712 3579
721 2885
4272 7272
4255 486
8747 8439
3088 7517
516 7964
7485 2323
9545 3551
608 4981
5664 5964
8690 8368
6007 3517
3800 5961
1669 4585
2398 8770
8190 4734
6297 4211
2942 795
4593 3804
206 8531
2970 3910
489 4588
9647 272
2697 4577
7571 4138
9539 9130
461 131
1775 983
772 844
5157 7937
3279 7428
1769 3250
2601 790
80 7254
1815 9690
8152 4243
7481 278
8551 1815
3729 5713
8106 820
4241 3473
6584 2056
8643 9801
954 3764
4698 4965
6220 9840
2088 7242
5145 1412
1425 7543
4759 9316
2597 2025
7106 2934
5057 5194
3923 795
1549 8232
7584 6083
2974 9127
7739 859
5782 2867
7745 1943
6630 1616
4283 8094
9883 8641
2069 6663
7171 1248
479 2883
6843 8179
5069 5470
377 7737
3735 7812
8871 5467
1796 8559
7883 3791
2742 2322
5490 6216
9088 6834
178 3275
82 213
442 5228
552 9893
7860 6727
8736 5345
4114 2619
2600 6364
4234 4401
2933 5742
1330 1838
2179 1940
8089 5198
5174 9791
4442 344
821 6440
6563 6071
2875 3414
742 3207
6282 8137
424 1039
7177 6518
4937 1398
1044 8531
3826 6866
2700 1460
3150 6581
5634 2551
6962 6500
741 2845
1547 4138
245 327
6682 8031
6560 5499
8347 8788
8063 7052
1621 5428
794 6282
1760 5598
3999 9452
7189 2655
4443 4548
7206 2701
2656 6850
7548 1816
232 9352
6740 533
1999 9645
2219 561
5790 5629
1898 8407
6447 318
4916 2523
2092 9885
1426 6835
3867 9370
660 8767
2184 1929
3041 5851
3065 8260
1632 1952
1278 921
9563 8440
3889 651
7144 4541
7268 191
3533 1270
4570 1747
993 4933
9251 3010
6959 768
9538 4679
2623 6818
4669 6269
1175 7768
8933 2557
8172 861
6104 5309
2867 3374
3884 3370
2133 9874
3061 3133
3533 2053
7049 475
3020 6090
8711 1436
3099 3713
9480 1736
9366 8102
8371 2553
4698 2191
1564 7826
2761 9432
363 6276
6580 1165
1709 2742
9941 6827
4539 9126
4223 2060
5643 6025
1725 1793
826 7726
6681 5701
4052 8255
8629 2763
3829 4530
5953 3238
728 2213
1560 2052
1660 5693
1201 1430
5575 8777
2790 7071
5449 1383
8479 3019
2430 5634
532 5344
6794 7876
5946 5687
9619 4843
9645 753
7132 8803
9780 9584
7143 2257
9596 5155
276 7411
1653 678
8482 5468
7495 8474
4340 3657
488 4062
4935 9267
4017 1763
2042 8336
3480 6010
9590 4718
1748 1181
3411 2122
2016 3386
8000 9637
1233 9242
4386 2284
3951 1647
5623 201
5044 6717
3141 3085
1713 6957
6164 3175
8875 8324
8086 1339
8442 6696
6678 5963
7571 679
5715 1612
4059 9091
5428 2355
5942 5473
3685 8622
6887 1841
4603 8426
7646 9557
3659 1590
1768 8018
1397 4939
7215 13
1019 4790
2346 749
2862 995
1730 4684
5187 1119
9577 5841
7533 2056
1933 3746
4203 9718
8599 3548
33 1679
8729 433
8383 9201
7222 2068
8355 730
2970 6319
4194 1041
2379 586
3717 336
9028 3309
1051 7123
4923 6405
9522 5964
4690 7690
8519 3795
4999 2322
2071 5257
3364 5895
9660 6516
7458 496
2721 7854
7855 9661
9043 3187
660 2429
9173 4443
1841 2218
8268 3922
3529 2476
6862 2907
2087 3188
7217 4848
1584 5775
4110 8352
1926 7314
9489 9034
6668 7877
9857 8115
6511 2177
6672 6572
2142 7511
1437 9643
9197 5444
3972 6796
9584 3312
3678 7570
4255 9874
4997 7914
8078 6326
6190 9264
4821 34
5626 4325
9416 8997
5739 908
9105 4074
2177 935
6930 8552
7210 5508
408 3785
9282 6383
322 3792
9297 5364
6843 2250
4248 9278
9567 2276
4974 2913
5186 7000
4570 365
3259 1266
3283 4797
1123 3947
573 6390
9811 9241
3125 2601
2133 4874
843 9259
8446 3458
5597 7643
6142 7333
8287 3852
5905 7273
7362 2112
5689 4246
9107 5813
8678 3329
5260 9824
5430 3696
4470 3293
5600 8547
8787 8766
288 5182
5028 6413
8050 9373
6616 7262
3066 9329
2414 8837
1296 4230
4589 5858
17 8326
3388 8965
3272 8614
6995 8367
2449 6242
4073 6293
8993 5176
7738 8199
9554 209
1800 5881
8756 6046
9971 5705
5946 6780
8893 3482
1247 7734
9893 5067
9132 4341
3619 3999
8957 741
7655 8985
5064 1045
6457 8579
6868 9849
6364 1762
8846 8637
8463 1747
1565 4657
7245 270
5332 8984
794 5492
4264 4262
9995 5093
490 8409
9936 5365
3495 3582
363 7883
9370 5517
6852 5706
4192 7521
462 9973
1778 6470
3317 3175
3178 4086
5935 4695
7343 820
8189 1812
5910 7818
6049 9608
9128 1720
4244 9817
1953 4900
310 199
5428 992
2401 7821
1678 7260
9002 4883
2823 9432
9407 5472
7033 1147
3333 5429
9150 573
766 5223
2795 8044
5661 2787
6301 1471
1451 9050
3610 2392
9695 7605
6871 8181
5381 4592
7142 1266
3228 2951
5060 3203
2662 3019
8582 4291
265 7091
779 5320
1056 8578
2536 4072
9965 5155
1254 8907
9949 8077
9019 5801
4095 7091
7596 9735
4444 954
4227 7147
2335 5496
8158 6265
3629 710
6999 9062
9510 1345
979 6415
3537 3540
2843 6426
1912 374
7684 8515
6248 7278
5673 2198
425 2368
7169 6807
3848 4515
7161 3976
4352 865
6983 1570
5205 2701
9692 3945
2129 3919
751 9513
9475 5863
5699 4137
3438 5045
9299 8331
2717 1167
3851 4928
5239 8126
3983 8816
5895 5902
9590 7265
4508 5172
5633 5743
4862 6476
898 9051
5446 361
9139 221
2582 7014
7975 6981
720 9603
7137 4676
655 4237
4095 9636
189 4347
3578 4034
3128 8483
3100 4535
1336 3759
9171 5227
1847 4042
3070 3539
613 941
6978 5130
5009 3709
1178 1374
5030 8834
8486 8785
5511 6038
1553 2868
9529 4510
6276 6568
5002 9285
638 8746
1261 9716
1069 8367
7425 4826
85 1197
4955 3118
1189 3457
9060 6121
9442 5823
4657 611
5214 2320
5682 6125
8110 832
8210 1634
2367 3467
9930 8267
8325 7277
4625 7291
156 3369
1101 4380
5718 1508
7840 5962
1444 6830
6833 9096
5048 4921
8594 1955
1579 4654
4063 1023
9600 2205
9351 6639
6040 4083
4135 5207
1857 665
8387 9986
5531 3561
4097 5014
5212 2673
7102 2667
9992 8094
6738 5623
8167 3450
6223 9755
6311 6043
6326 1745
2973 2889
7433 2532
9681 4982
6721 8404
5403 1144
7310 5337
8761 6271
2490 2077
5947 5761
1711 9464
9883 1143
6119 1068
7951 8396
6699 9951
4585 6497
9854 402
753 4932
8669 7976
2093 2108
7572 7976
5101 2519
592 4233
5095 1284
804 4529
3386 7022
865 3247
7012 4786
8977 4829
1940 9671
960 2148
2630 1425
8525 8785
5398 6249
6031 7242
1354 8208
7430 271
5315 7348
6222 8171
946 1949
3768 7652
8858 9790
6669 8538
4386 8099
105 5231
1115 8696
76 1436
9541 1467
2281 4080
2588 6660
835 1153
9206 3033
8860 9023
6213 5383
7154 1346
2575 1282
3121 7512
2639 7480
2565 4328
1816 5555
8187 6499
4353 6327
9024 6777
2265 5149
7185 5457
5940 4476
803 4789
5700 9424
9801 8748
3512 5242
74 3579
7622 878
5848 4246
3986 7649
4196 3969
4329 5710
480 8601
6696 9869
437 2829
1067 805
584 8239
1437 5665
1617 7523
1325 730
3683 3711
8705 529
7963 8685
7801 1750
9706 1193
4501 5749
3064 4343
6411 5168
902 5166
9411 7577
548 5321
7133 3251
3378 1017
9797 6701
3395 8037
3989 4927
5452 9117
5706 750
7861 2271
1459 8994
1339 4975
9413 2684
6373 9324
2350 2041
2348 51
5881 4028
2650 7597
2116 7854
7380 6305
988 6288
7551 3864
2957 2578
84 8129
863 5717
851 7268
1429 868
8900 7158
1213 1350
9418 9722
1504 1512
4233 3569
4137 2167
4574 341
507 8888
5270 5173
7260 6002
5460 1739
6125 6203
5024 4909
7428 955
8211 9682
9951 5707
7743 5467
1852 8935
2783 6143
1054 4480
265 7869
2125 1120
8499 3691
8499 2710
1469 60
4267 9293
6355 5963
1183 2685
5666 6089
9460 6198
2170 1623
2273 7376
9514 7770
3338 5852
5264 7893
4809 8865
6098 3868
7517 8417
6492 120
8544 6539
3613 3641
1836 6142
7423 1522
9453 3677
1698 8860
3317 7925
6346 6195
6763 5974
9718 3731
9777 8699
4137 9649
3615 5996
6889 7878
8042 9341
2507 1459
4513 5633
6720 5672
3485 5111
2769 7895
5224 1418
3833 581
191 4887
5185 4461
3815 5825
4302 4155
1093 3208
5700 5476
5750 3093
9083 2951
8795 3246
6445 9365
4759 3469
9219 6768
8930 872
1463 6945
8866 2283
3549 7423
3052 960
9594 845
7714 1315
6758 2599
9511 2833
8970 2929
7487 3888
1035 7992
4232 948
7721 9923
3645 306
3814 2902
889 8079
6635 847
4566 4729
6319 416
952 87
2577 844
5729 5683
5178 2403
6777 2972
4753 9121
4255 1370
3512 2550
4856 5479
4551 4733
425 7988
7018 1001
5521 9494
4901 1048
9637 8802
9390 5503
8998 7036
3057 4753
3867 8829
7559 4447
6636 6127
2899 6848
4729 9037
6837 8615
1865 9266
2340 8410
7946 3272
3774 5287
4856 8529
7548 4712
9525 4465
8687 1835
8639 579
4370 8383
9350 3170
4080 775
3558 8203
7450 4704
6614 6140
1997 6909
5867 8178
1995 7261
1903 8158
2280 6682
4846 5150
7059 492
5077 9044
4421 8741
1384 7136
8685 2289
9789 4564
3563 3298
8835 1276
4639 1343
8123 1999
3333 1499
5409 5391
3934 942
286 4876
3242 2646
8474 9116
9772 6425
6388 2274
7967 3159
6750 2109
9535 1361
1284 8713
8639 7705
7345 4556
9849 1902
6905 755
8533 7168
4583 1936
8301 7397
5278 4684
9005 8410
1619 7040
8521 3396
2604 6
5379 9852
7989 3691
3515 3382
7912 4309
255 6630
3140 4418
4145 7831
249 8728
3980 2374
5777 4648
8404 3597
5607 6145
8562 489
7105 8015
8787 949
7576 3122
8266 8908
5430 4947
4378 9340
3377 362
465 9431
6394 4172
542 4808
9908 6078
1355 9440
5856 4069
7001 6301
5334 4061
9453 4469
6510 5816
4362 5639
6574 9163
3390 7454
3969 545
3561 7706
6025 8893
7074 9495
4631 5877
5711 4322
3655 4456
5499 6053
1203 550
1272 9370
6877 6398
8177 6117
4457 3793
5655 8691
8405 3069
7914 6956
2489 7602
807 6212
5686 6491
2103 5731
1844 287
9931 8332
2723 3506
2800 2652
6103 4824
4828 9075
4926 3775
3275 5301
2875 2328
4206 3914
394 6081
9514 4113
2857 7361
3107 8526
1711 7032
6838 5762
7879 3883
