1000
4260 7930
5755 546
9320 8314
7421 5729
2656 7021
7243 1857
3592 3617
1947 661
3022 8709
2709 8563
6834 1395
318 519
7858 8889
3139 6288
1069 1971
1333 4068
2817 6851
6657 4018
7225 4497
1228 8426
5278 1024
5304 942
2299 8415
1717 610
3192 1111
6052 278
7519 1608
7741 9650
8514 3382
3829 40
126 1723
2773 2109
5102 3346
3233 2397
9733 430
7156 299
7880 871
1746 2896
7565 5745
3275 9945
5309 7606
4902 1509
386 9000
4295 5724
5061 8254
9523 1057
329 2987
1967 1721
4229 1175
4096 4040
882 336
7088 8120
1598 7766
2881 3865
5872 1581
1591 3116
7622 5940
4990 6706
3032 7607
1282 7961
7366 3511
8587 6467
5318 8923
179 7293
8394 1817
851 8427
647 5754
5658 1401
2617 9196
4533 3415
590 3546
6384 6452
3398 212
2253 7877
9625 7447
5598 4658
1077 4182
7433 505
9555 8211
9665 1948
3070 7754
7559 5293
6598 2317
5578 9498
157 8261
2088 4989
9045 1533
9439 5950
2161 8298
5974 6728
1143 8204
2943 7299
9151 8837
3717 9527
3258 2885
6490 4695
581 5136
6134 1999
2786 8043
2277 767
3336 6537
9367 6935
9205 1047
4090 8883
4188 2171
1017 7465
7070 5160
5332 3024
961 7723
974 3955
8030 159
5126 1350
1683 4879
707 8398
6015 198
7373 3712
8825 2086
6658 8422
4804 9166
2014 7774
4477 6181
3520 5899
2690 5689
2755 5058
9223 6906
5015 4818
8374 6109
2749 1399
922 2747
1408 2223
7910 1815
918 4786
452 4494
9954 9281
6211 9101
5361 6918
8769 1007
8169 4709
7361 7266
459 5249
6882 1697
7238 5400
7073 9917
3823 1445
823 6009
7562 6753
3669 8662
8162 4317
190 707
4153 7241
4668 4446
8342 1626
3191 5833
1837 6946
2360 5981
378 2854
8974 5214
9846 746
2009 3267
1548 6848
9676 8989
8380 8598
648 9214
4164 4673
8052 2382
7331 8595
783 7937
3086 5333
9885 1453
7788 7424
270 1462
8679 1293
1058 779
7611 5922
3691 7260
4267 8633
7399 2336
3316 3687
8540 5959
8596 4941
9605 1985
3895 270
7453 76
3839 7463
1970 8134
7432 4104
3200 5859
4571 7845
5168 3535
7595 9229
8628 8663
3703 438
866 6231
7085 9741
1393 1097
7132 6072
5426 6702
8118 73
5629 5802
60 7500
8547 8879
8735 7307
3586 7664
6866 8560
1399 1547
9525 7787
5849 201
9562 5946
5443 6452
4425 3831
5180 5396
5762 8282
3778 7612
7582 2881
9826 1632
6604 7466
3510 8160
8727 4471
7088 7146
1705 550
6051 3920
7484 7696
6612 7328
1385 8526
6243 6873
8282 1178
3846 2452
9437 62
193 5900
8730 6324
2532 1741
6656 5926
6819 7378
6198 2495
2708 9608
1414 6698
3618 6114
1487 4345
2012 4904
3611 8500
1800 549
562 7873
6509 5493
5576 705
4823 7772
85 9767
1430 2464
6303 5382
9016 9753
8487 6326
5235 6178
6164 1405
9414 8064
8776 1858
1463 3314
1711 1625
8269 2476
6207 3560
132 6928
2826 5826
704 3646
4409 1961
6940 117
9924 7974
7753 3227
1898 3424
8175 7763
8678 5758
8856 3935
5827 9703
7827 8177
3111 7572
6805 5664
6276 421
86 7976
9155 9941
3076 6704
2199 807
4206 9674
7382 6209
3009 8048
377 1877
6924 6964
3748 3808
1964 8080
6149 5354
6062 9267
6206 9026
1766 125
207 215
4116 4424
3037 1473
6600 3935
3540 3000
1828 8391
4553 1838
1654 3537
5135 1774
1020 4794
2909 272
9685 8636
9360 8195
7031 5053
3956 4822
4868 8663
3747 4569
465 7268
129 3505
5594 8853
8516 9741
1837 146
932 4406
5972 3077
2510 2563
8253 1975
8720 1405
5194 4334
7011 3663
5817 6960
4406 98
2484 5786
7066 3842
6961 2282
646 7907
3360 3883
7105 9583
236 8678
9566 3378
8259 5920
7748 1910
1498 779
9464 7939
1134 9679
4366 546
706 7398
3364 5189
3381 7390
4511 7390
1288 5316
7709 5979
8747 6949
254 1631
4219 4176
8924 1497
9101 3577
281 2496
3890 9509
2973 7884
416 6051
4941 6283
7301 5549
3858 2936
9924 7335
4847 2755
6433 3052
3103 5776
8084 4179
1605 6077
9840 9273
7523 4192
2515 7869
7593 6972
8529 106
6079 4883
1163 39
1371 5055
9354 1404
8692 3448
752 8106
1998 595
1343 9806
8131 6062
733 4091
9903 2625
8971 232
5563 4032
5067 5127
7471 8657
7914 2301
9916 1989
9432 1360
2548 196
8771 5982
8475 368
5852 558
3952 8513
5522 212
318 3850
4995 2514
8609 5230
3848 8774
8074 6073
9725 2468
7608 6832
8304 5105
7082 1966
7287 8593
5197 4609
5771 4881
4443 7960
7320 1131
7957 996
7697 3747
3450 2617
7620 2945
6943 7569
9625 8489
8269 8632
5252 3353
7353 1290
5218 1913
6456 1441
1240 2706
6215 644
3307 76
8347 7525
122 9140
1243 9835
2525 5030
5561 9599
7259 4210
5304 1981
6541 7118
2285 4512
526 1713
6236 2329
1859 148
9268 8274
616 3125
5964 1352
3926 9950
9168 2661
5305 71
688 7010
9814 1543
8710 7226
6185 7540
4580 5799
572 6946
3033 5898
8640 7038
6368 8122
5659 2248
976 9994
2117 5504
8298 8221
2319 7884
6095 3525
2545 7055
5815 1593
642 4017
7220 6908
6529 8149
6969 633
2010 1875
9796 3251
9713 8212
9060 8751
2347 8917
7323 3343
6492 1578
3909 4360
6687 3842
388 8300
2847 3257
5030 5940
931 3903
1789 8323
4577 4702
7714 1165
5870 5064
4396 7196
7586 8608
9273 468
366 8190
3265 6335
7991 6013
3753 1110
8218 6537
978 1299
2157 5762
4007 298
8371 298
9704 9316
8717 3854
8265 549
4657 2185
8997 264
2206 9481
2183 9582
5162 9821
8042 4191
5310 2388
964 9698
2013 2914
9275 3999
235 8614
7931 2912
5802 2897
9533 5026
2205 1831
9436 984
5148 6337
315 4720
6500 8097
1734 1346
3348 2552
8453 9143
389 1919
5013 7623
2796 5585
2295 6958
8976 2062
8070 6550
7965 6256
2269 1079
5938 5842
3870 3714
2545 8570
5097 2088
8615 9071
2460 7236
1682 1651
3065 2690
410 4018
4286 2691
3549 1801
4252 3416
437 3971
8187 9606
8231 5308
5315 6779
3373 2081
4760 9497
8090 2865
9631 1166
8290 4550
3698 888
5896 2398
1338 7798
6643 9853
7030 1441
6498 808
1539 2647
8991 192
7235 5262
5784 4672
1358 8956
1094 6345
8670 9068
8601 8953
6972 7696
656 7800
8747 756
7754 2593
5440 3987
189 6154
4942 3967
2547 5039
2241 432
8726 6130
4957 3752
307 4914
370 231
6349 6482
3228 8219
8435 9954
130 7605
3716 4716
6067 9887
5811 1033
741 1384
4403 502
6733 951
7519 7451
5110 6339
9045 9440
3963 541
3297 3735
3929 9354
9925 4707
2652 2799
4431 3729
4654 3220
3026 9773
1228 4968
9418 5165
3613 3481
1122 9478
8128 5929
9716 3641
4142 7944
4728 7967
1630 6909
2477 9212
2929 8839
4433 1464
4494 672
4459 1102
1993 6111
5207 8824
1141 8845
5238 2477
4519 8546
7930 3053
4378 2335
2095 7131
6223 3902
1620 9704
3153 4205
2437 6074
9649 7924
4451 2711
6052 6707
4789 5714
9351 6851
3928 5290
7311 5250
3824 4303
4248 8156
8153 4778
8028 9283
2001 4804
52 4129
2095 8740
5465 8590
2579 116
9234 9998
7588 3899
6739 3751
2011 3599
7484 5276
7871 7974
5758 5853
4210 3123
8940 2178
4924 2402
8736 687
8122 1068
9756 1263
9565 3503
7343 6702
1522 2798
9087 971
2561 5723
788 4196
9630 4871
3187 5218
6388 8016
2699 8927
3270 9304
1936 6520
3993 4219
6657 7428
9921 5009
18 1328
3609 6339
6630 5322
8601 301
3583 5371
5013 375
4312 4053
9650 8255
209 7684
9799 4975
4012 1541
7006 7102
7616 6988
4692 4310
5122 9013
1825 8806
5735 2627
6022 5236
4785 5703
2641 5412
8024 8711
9366 2250
5442 6616
6581 610
2742 5154
5639 9567
4897 4220
2127 7921
9644 6936
4567 303
1282 3807
8323 4576
6619 5021
6583 5150
5964 4870
7596 4299
261 5774
7488 8001
5850 1181
283 5406
5441 9763
2869 6627
9049 7139
487 6974
2259 5235
7738 1913
8835 8339
7083 454
5667 7167
2804 1016
369 5564
8669 3483
2687 303
9312 276
9087 3398
8281 2183
8605 4073
7402 5097
441 1755
571 9672
4959 2443
6594 7598
4835 5049
2968 8641
2052 41
4705 5879
8206 7530
3120 2214
473 1357
6924 7095
8129 4795
1221 9218
1389 9869
4131 1975
2814 7391
481 6791
4610 1489
6744 8267
8924 8818
4874 8035
9790 4447
1971 1539
2650 8977
6918 6711
5428 871
9421 9307
983 4267
5697 9996
2572 373
2110 9672
4091 7691
1707 1250
7287 704
9095 376
7173 7966
1825 9433
6798 450
4361 4208
8846 6728
2123 288
104 1816
3919 8919
3373 2354
4515 3603
7831 3879
4066 4994
8153 604
2020 7381
5383 5403
9188 6260
4916 7612
9013 1488
5103 5466
8916 4301
6615 8927
6026 4799
2613 6646
1776 6200
6035 3738
9697 7663
3298 9544
3675 5530
8977 7754
3369 5378
5954 9014
8972 7267
7896 5267
5582 740
9288 7679
2441 5048
9931 1566
5698 7473
3798 4911
5794 3006
8047 1695
1617 500
1497 4377
8768 4930
9668 5464
1275 4359
8635 7635
9298 4339
4491 2178
9428 387
9689 7074
4046 8695
5650 7707
2899 744
8209 7741
9122 7198
2109 2540
1369 4382
7807 7676
3617 7213
3490 7383
2123 88
1641 5178
563 859
7433 538
2569 7453
8514 8515
9358 4716
6689 7594
3515 8761
6788 3291
3751 8826
7599 176
836 7579
708 9901
6944 1338
3878 8807
8361 4454
829 1673
2951 8978
3158 6560
9034 8498
5771 3310
6767 7526
8083 6754
9452 3328
9637 6082
8810 9876
4474 9220
6846 7295
4881 3969
1282 7670
58 390
7502 6241
2622 3574
4367 8731
2666 8785
8278 8195
3851 8114
2840 1367
3659 1169
4363 93
5079 2940
1423 4642
3110 2328
7047 6559
226 1586
5952 6546
2207 2867
4346 1154
7650 9638
2695 9439
4213 3114
381 7873
8604 4732
6866 9653
7476 5332
4555 3240
6096 9203
853 6738
1077 1355
6988 5221
1103 2082
630 7882
1099 1938
8624 1899
6761 8030
2866 4676
1496 3416
1327 4434
188 6790
1148 4414
7944 2168
5406 1329
8029 609
2528 2663
5810 3743
3369 6308
8687 3699
3357 7980
8453 2289
2252 3965
9162 88
1625 6699
3519 4876
3193 8695
8584 7020
1767 8292
9697 3681
2067 41
193 4874
6583 9740
65 8708
4172 7346
9235 2971
8318 1318
1176 2208
694 6375
4261 5458
910 4202
4136 1840
6081 7156
1498 882
5298 8427
558 9858
5673 9662
9451 3590
658 5039
3624 5030
269 9902
750 3404
8844 4021
6995 6331
4499 7260
3439 6785
7742 855
6946 3814
5590 5837
4032 9439
8491 7894
6317 9338
1110 3060
1913 3481
7552 9960
5623 8492
7608 5787
1348 285
735 4773
4898 620
5800 4306
6421 1337
2965 103
7449 7335
3129 778
5728 8083
2783 5798
1985 3852
3761 4893
4059 2796
2967 2876
1490 263
3286 5279
8390 1845
8863 308
4610 9074
7646 1748
6726 5858
5617 4031
8069 4705
1677 4128
5599 146
4404 365
5558 8218
9244 4814
971 3015
6231 2615
3745 9900
9464 3013
6853 7600
7193 2469
6816 2723
3422 1037
7747 7909
6385 6742
7000 3741
7962 6575
4885 2851
9517 1863
1606 7361
6785 1466
3409 4882
7413 11
2673 5873
5957 3931
4674 1839
1914 1068
3342 2850
3695 6105
1509 9867
9202 5192
4718 6108
9861 2243
8104 6869
8115 7166
2638 9491
6328 4352
683 4307
7274 8882
1538 6256
3840 532
33 3825
3836 8769
