1000
2218 8696
8873 87
3351 3566
3970 1428
7679 1953
3487 2271
5875 4093
4868 895
8354 4120
5387 5552
2949 9360
968 3269
9709 1838
4235 5073
1924 3612
4283 3431
7524 62
5889 236
1353 1576
6332 6581
870 5175
4062 1648
4773 5586
1154 7142
7801 6323
3141 3247
7763 8874
5797 7297
54 6286
5976 444
2743 8698
2023 6536
5886 8986
2107 3138
3333 7122
9030 6964
1464 8451
6098 291
466 8938
8207 4995
2307 8582
3764 3512
6613 5778
3843 9639
9711 1016
8149 9971
5334 7194
184 49
3790 308
8087 569
8007 7297
436 6072
8581 4884
5967 2143
8697 9396
4054 2175
6328 3649
8822 9399
8443 4036
8394 7640
2033 6537
2212 5820
9286 6120
3222 2633
184 6025
8768 2341
3171 6161
5254 4317
8753 4469
6834 9657
2347 3672
2444 1618
8986 3756
4113 125
7226 2580
1893 6395
3455 7326
6099 5144
8359 7514
4447 9084
9459 9002
4493 2041
6730 5200
1989 6427
9242 8956
9912 2622
6008 9151
2994 9583
1130 4141
6843 4978
8713 9311
2614 6995
1695 3298
594 953
463 580
7818 4359
7900 6064
3483 1495
9189 851
8592 5975
5208 5634
2865 6487
5355 7861
1850 5302
3995 5307
6206 2405
2559 6467
5850 8794
5507 4613
1946 5445
4050 9152
4266 8695
3911 3893
6719 6549
1194 7089
6182 6135
3763 1004
112 9793
4625 1540
7396 4162
1953 4227
4051 9627
8605 2896
1615 1549
8448 2741
4459 1242
2865 4000
6129 6693
9584 7404
2859 2884
3139 4121
374 5848
1034 6120
6745 8517
1650 3338
1370 9457
3882 868
6540 1479
6644 5047
8952 5584
1884 8767
6234 2599
8848 8738
7878 4900
2588 5830
2612 790
5177 4340
315 2008
2506 2375
4739 5398
6676 6368
3559 8349
9057 2613
8415 555
5986 6692
8075 6736
6590 4773
2787 7805
8728 9048
4555 7054
7778 5739
5262 5219
1943 5744
6625 3740
6689 5123
3040 6795
8790 9538
847 8066
384 5299
4459 3549
4472 8483
8002 6582
1290 9846
1750 2946
113 9637
3931 8703
231 4196
7450 8774
9713 3768
1439 8547
8167 7969
1364 1697
204 9030
565 3564
2916 895
6959 7643
5554 3947
4294 6851
8249 1692
7353 8273
9883 6343
9896 4899
3324 3205
6949 5801
356 8411
7335 3856
6937 1138
9503 7998
4949 5120
7999 6770
6853 948
6009 9895
2187 3527
3046 6853
7464 1849
7116 8935
8523 8132
7499 6996
5363 7094
8130 3955
9544 2831
1183 7785
8414 7333
6632 2431
2337 2296
2604 9327
784 9366
4380 3185
7438 4329
3193 2985
9142 3018
2982 5401
3762 1110
3560 1914
1179 4285
9685 4134
7396 4593
7385 6940
4632 9904
4429 876
4285 8907
6698 1159
4823 4280
3972 7172
7998 6587
1604 425
8790 438
2277 3863
9799 5014
570 2514
1790 8197
6305 6455
9780 4777
505 5931
3352 5463
4551 3122
2610 7834
7409 4637
6782 7225
7670 8888
4070 4555
3740 5256
6149 7815
7180 387
1130 337
1202 3982
4105 2569
7875 6135
5286 2301
5893 1517
5646 4914
5524 6813
8268 699
7670 3976
7923 8166
2849 8229
8948 9854
2663 5267
1885 655
5367 9949
8450 5145
169 8529
8589 3152
9880 4671
6961 8039
4054 8216
7761 1909
9230 8835
4092 1982
4101 5494
3708 5654
9045 4255
2946 6394
6978 1819
6575 4664
715 7199
8569 4266
4195 9637
2548 9331
4634 6068
2213 5353
6619 2985
7312 9458
1024 9602
5058 2923
5390 1273
4124 7302
6958 7267
8429 4415
3579 1060
7198 3611
8366 4487
6241 1617
6173 7818
7079 6711
7499 1723
3914 7622
1324 3850
9681 7547
5541 9760
4835 571
2169 6806
6890 7384
7142 486
4816 4902
4349 6966
4119 2762
8514 414
7258 9586
7812 4818
3096 8503
6075 9773
2969 5807
1244 1345
7898 7930
332 9197
370 4529
7115 179
7506 1310
8173 7851
280 4122
1802 3413
446 9365
1732 4894
278 4789
9445 1054
3230 7997
2764 8805
9852 6650
8762 2418
2753 8804
6171 5114
5982 8567
3078 1039
4366 2565
3307 8451
6295 8795
9541 6817
2356 3044
6642 6359
3756 1420
7789 6469
2471 4569
9411 4599
3666 6287
7488 2271
3217 4660
7059 4718
8618 9113
4345 5394
5999 58
8354 6918
8813 798
5015 790
1814 5760
4673 2700
2860 2574
7908 3417
7887 8000
825 9361
8572 7530
7821 1473
7649 1972
2844 2222
3559 8759
1853 2851
5463 9654
3313 5202
7591 4497
3563 1053
7739 2271
4894 8330
2237 4600
2161 5657
2756 3862
4343 2006
7394 1577
449 8135
3863 4124
6382 7123
4621 413
4916 9867
8431 8083
4765 6729
7665 1264
2427 6271
1072 2419
921 1856
6496 3141
6040 6555
2867 9063
2940 6874
6765 7797
8284 1956
1549 1430
3468 120
629 5880
3612 1454
3732 4043
8734 8298
6811 8164
7142 7219
6756 2995
4126 1882
8290 3806
2873 2457
4443 6735
1349 5639
9655 5158
9778 8277
9064 812
3883 9310
564 8673
7206 387
804 2957
5445 2698
9721 5369
6232 4466
4707 6554
5356 8002
3781 3704
9255 2795
7212 3141
2624 6740
3676 7138
3432 8048
4763 8631
8110 8893
6265 3631
271 8628
1446 9283
5535 4861
7064 3794
453 4090
5890 4849
4849 6999
2422 4773
7239 7448
4044 8415
358 9224
4805 5672
1676 5682
248 8493
538 252
3099 6018
5660 5225
8167 3033
6739 9265
247 8635
5265 3706
5565 5883
5732 4957
8629 1018
60 8232
8554 1905
9716 5305
3494 6676
5239 3361
7202 8561
9748 4166
695 6550
6625 9231
1687 2305
4744 1044
597 9469
7222 5517
5125 9991
7254 1178
6816 1513
5528 4954
7728 3038
1038 4731
8753 2715
1890 8332
3683 8303
2591 1054
1741 5064
5339 5761
4363 4074
9719 7626
6620 8387
1947 7620
4129 2069
402 6485
8770 762
584 4674
9519 3463
1907 2796
8620 6238
7140 6413
3534 1344
3118 6158
5086 866
2791 7417
4429 8583
8711 1385
3873 1649
6352 8543
4489 6862
43 6552
2643 1980
9825 9812
8106 7299
3824 4224
8391 3291
3168 2806
2929 4703
8523 4980
5929 746
9430 7361
6524 605
8540 9849
1401 433
2154 7991
8261 9813
4892 1152
1452 5599
2764 4834
2338 2546
5643 9199
3350 3202
2201 8423
5122 5711
8499 8821
7802 6972
3714 5018
5347 9516
3686 9303
7371 5206
8747 7460
1254 1763
9653 8587
8763 8643
1894 251
1721 9528
4624 9192
906 5636
9785 8962
8608 687
6526 3728
7230 3478
8431 5985
6287 910
5252 1500
4260 6805
9412 1180
8833 5196
9997 2769
2615 4686
1995 780
8325 7427
2412 1864
9419 2582
9037 1255
2030 8432
9574 4770
638 41
3109 3791
9734 2198
8773 6535
1476 607
1734 1574
839 8805
4956 3105
6136 8375
4636 6294
6713 715
5062 4444
2721 4321
8922 109
2797 5732
4376 5046
2692 5397
1294 3733
4979 3442
2298 8148
1785 6494
3612 257
5088 87
4277 4922
7214 2501
5020 7190
3288 8545
4152 4624
8514 2620
1880 3183
2770 7937
3039 9259
5267 5812
6766 4937
7017 8379
4717 217
2713 2895
657 126
8994 6574
3162 6300
8960 8867
5118 3815
8524 1161
1524 8926
4216 8212
1491 1508
2543 7971
4795 9711
4456 7274
9328 8457
4202 911
8705 847
9394 955
317 8680
6955 3423
1907 3494
5371 2623
9626 8237
376 7064
9353 1505
7325 9433
6787 3035
2329 4868
3647 5713
7564 1533
237 4143
5093 7208
2990 817
9594 6566
4582 3093
8190 2651
6120 2461
8919 8124
6679 3850
5245 5543
8311 3898
3669 45
790 4051
4919 1986
7355 1577
2650 1454
5227 4397
2793 9934
6150 9275
7858 2186
8966 2057
3014 9136
1388 4976
2054 4236
7085 9172
8294 2614
9827 1565
9987 4874
6340 2457
9018 6262
9726 5777
9491 8466
3463 507
4633 4588
9018 8965
7502 3672
3970 6517
5208 6398
1318 9039
6147 6354
4634 253
2220 850
7632 959
7005 4343
458 979
2515 2323
5795 6303
4857 5234
9658 8714
7881 518
5208 4311
6799 4633
5625 320
306 8270
6359 1712
1453 1977
9652 7114
4703 6666
6172 1300
2303 1317
5649 9626
2330 3623
4438 488
3638 4903
401 2803
4793 2806
9519 6872
9941 4206
8722 5645
6236 555
2425 5590
1671 769
7031 1243
5556 2100
2437 7875
4840 6537
1945 4995
1725 7750
8292 3740
2363 6764
2327 6855
1592 4571
9276 6506
7939 7991
7376 8265
4670 7016
648 7603
1052 3759
3625 9470
2254 6629
5916 3895
2154 7003
9215 8785
5855 6410
5578 6287
2510 2670
4798 8002
2597 6929
1145 9759
5931 7623
1930 9357
5290 1569
2262 2385
4388 4492
5696 915
6861 7034
5579 2052
5753 4120
2089 7404
133 3966
8181 1017
5749 3645
6628 2295
3464 8192
304 7226
6236 5460
4858 384
5452 9461
4513 2476
2334 9425
3607 5973
5307 1131
6887 246
3322 2084
4262 7703
1609 3978
6159 7570
8966 3272
7382 8798
9697 1779
3297 1779
1156 1846
2650 2590
347 6191
8669 6063
884 9101
8322 7434
5802 5779
5126 5978
1581 7711
1299 3868
1999 3391
1758 2306
4673 298
5252 9475
1352 3320
1574 1562
3615 2362
503 2364
9066 5760
1510 4247
8848 3680
1855 276
3427 663
2295 3815
2136 1555
836 280
8501 2943
4506 8213
1083 5329
4043 582
1391 7506
2407 3962
5594 9562
2130 3059
5132 1753
4738 6388
3179 1019
1234 8244
690 8728
8251 8872
7681 6345
4406 2357
5993 6373
4439 8553
3674 3953
6994 2454
1305 5617
6078 2462
2043 3639
7248 4870
6317 7756
4542 6629
3649 9090
8615 7565
9715 9004
8552 8441
4654 7599
1088 6515
6999 7750
2023 1945
3434 8846
4843 2002
8201 1285
8293 2378
7490 2450
9245 9391
2179 6503
7639 7981
6157 7421
6038 2432
1704 1177
7056 3630
9612 4217
9715 6384
4727 5718
4925 5592
5649 8001
2254 8495
6734 5592
6893 4481
545 9710
3080 3153
8337 4791
9013 3952
3630 857
3738 4908
4514 8471
9743 7256
7656 2240
5559 3800
1215 915
2012 6906
2762 9058
6084 2758
819 7714
9093 7009
2417 5481
5766 9334
6969 6475
9581 8446
9965 663
7627 9329
4691 8024
9116 4395
2282 7010
742 3540
2218 451
7511 6037
2178 7210
5179 2372
4875 6899
1598 6266
2671 1974
2211 1512
2186 7843
5402 4196
6280 5942
8977 593
1587 5990
5936 3688
769 6316
7294 3985
5304 3942
7397 4571
7168 9720
1841 6470
2025 5880
2362 3883
991 7618
9570 2745
4105 6984
5233 9783
7972 5903
6648 8081
9504 8112
8932 668
6326 7978
9698 6874
9522 1791
7993 7389
2653 202
993 2598
3787 3636
5514 3296
7563 5115
208 6597
6344 8374
5400 9672
7712 6161
3695 6548
8695 974
4231 3525
6729 3340
310 3104
5883 9646
4460 5935
2215 9442
9119 4725
1507 6007
9266 7967
913 2054
8666 9889
6717 4222
9020 7494
4775 6451
4836 1281
1045 1169
1054 9835
1640 7861
7924 3559
5342 8078
6598 8977
8108 4875
4610 6215
9941 3224
1480 9430
1410 4198
9410 8532
5197 2087
7871 4149
5180 7387
4467 1562
4962 5751
3689 857
2935 1723
5694 678
5271 8898
3592 4092
1003 4322
5354 639
9979 1703
4291 6950
7938 7155
5686 3126
1441 7727
6653 5678
2858 7244
2377 4706
4306 4028
1352 2259
4582 780
768 9027
18 9089
4983 692
1175 2676
1669 6114
8463 4991
3998 9365
1121 6807
8061 9364
6960 3428
1093 7215
8309 9358
912 3625
408 1563
536 5609
6856 2647
2551 9446
5098 8106
429 5210
8813 2373
6062 8298
7627 5694
1217 6164
3883 1144
5936 2826
6537 3196
3666 4920
4407 5562
8479 5791
4265 5504
4114 1678
7196 8807
8666 789
8998 1367
655 7938
5582 9268
3884 3538
1527 5649
