1000
4995 5198
5409 3316
3215 3567
5116 1779
3651 7729
4108 8908
6843 2090
3616 4938
2474 5504
7629 5248
8002 9670
329 3999
6687 6663
6106 9085
1253 5010
5953 1115
506 2833
1800 8176
354 291
3402 8079
8689 8722
9411 5952
2174 1697
3835 5539
5424 2339
7178 3655
7046 2657
3811 3602
4773 4820
5669 7892
505 5908
8546 8194
7041 5184
7577 6833
9220 620
869 1088
2846 6064
258 1253
8776 6578
1663 83
8545 1746
4014 5996
3546 7409
942 9387
8419 1086
7587 2147
6357 2738
7487 1413
2692 4440
5884 694
5735 8494
3991 3922
5943 4496
5214 3955
6001 4091
7610 5528
1365 7063
5454 4151
8255 983
230 3711
9051 6409
3601 335
4677 2048
2209 1205
1662 1962
187 8370
7606 7755
9870 6964
823 7359
7214 1273
17 8968
9022 6101
8128 4362
625 4628
4384 3530
5271 7198
9434 8882
498 5201
6372 6118
1482 1004
8357 6309
7172 3081
9617 4197
4278 2690
6727 4793
9663 8097
1604 5751
240 9095
6541 6584
3227 727
10 6471
9909 6171
3705 2518
7318 110
9252 9932
3143 9744
7269 4424
2023 9246
9993 2184
8614 2174
2236 7283
5405 1313
5804 4108
6293 5314
4586 3128
6849 9243
7056 5675
5943 6921
8435 8168
2646 5602
245 9126
100 8514
4528 2922
5361 3963
8000 8443
7237 791
2939 9556
8060 2070
3917 5008
8157 8781
8456 2717
1360 3750
1997 4026
7876 5143
1873 6193
801 1046
4218 7542
5022 642
5249 6751
2442 2134
1398 5214
968 7321
5036 7304
4388 8286
3177 4483
2306 4943
2389 7561
9778 9276
8874 8274
5893 6044
6167 4056
6797 9063
8717 6470
3149 1987
8243 1801
6858 815
5140 7121
1777 4802
7637 5767
9542 4841
2427 1599
7712 5662
1407 9007
8288 47
3667 2966
8561 3655
6176 1526
8200 3149
5031 1621
4208 3018
3086 2658
9814 6527
4140 4908
5470 7754
6922 5839
974 8570
9116 6169
6171 5055
8016 9841
1166 2090
4688 4831
3929 6453
8560 7126
7491 5330
418 7199
3166 9069
2138 9634
758 6220
1213 4598
3607 9163
6022 9860
8318 5108
834 2551
1345 8903
367 6468
8616 6771
5123 9110
1529 6937
2935 4290
5761 4930
1063 3440
9087 2641
454 2835
6973 5005
750 3098
7807 8162
2060 3664
5282 4048
2914 1747
9280 2147
6696 2450
8605 7974
4004 6585
804 8135
9806 7985
9576 4211
7972 4917
4736 8385
9876 5573
2361 5706
4505 1781
4522 9484
2563 1154
7743 2130
3559 66
1270 415
5328 537
9290 327
8068 3709
2252 3454
7398 12
4226 276
2534 25
9906 2508
9794 65
8026 6309
8792 6490
5473 4377
344 6379
571 7205
3638 5787
5424 6085
4988 8180
4125 3389
7648 6955
924 2714
4863 8896
36 1669
7837 9901
9373 5321
6519 7757
3869 5622
3815 4319
9209 1018
5321 8342
1260 2260
8350 3643
3475 8359
9925 5880
5146 7471
7309 5674
9965 9821
8717 81
2062 8164
3730 2507
1087 3462
5538 1608
2288 2792
4497 8117
7634 1461
3449 3115
3919 9745
4893 932
9660 1207
5202 84
8048 9425
7830 7816
8616 9055
8673 6429
2041 3608
7997 3379
7726 3192
7584 3816
1135 3540
1480 458
1573 542
3086 9659
9156 2908
5336 9566
5322 4737
3546 4308
9794 2375
2519 721
3209 4724
4974 8668
9305 6433
2373 2980
720 2467
9007 5360
348 2728
3924 7993
6336 5569
1670 1907
7646 3546
5757 4301
4035 5417
9741 5011
982 8862
2145 8586
2271 8087
1862 4800
1021 3386
4153 7311
6007 2091
4094 8677
4649 4373
5253 2625
8047 1484
9017 5288
1240 788
4075 8912
198 5337
209 8637
8365 1871
5850 1144
958 7093
4592 7213
4765 8206
2420 4358
594 7935
3648 9079
7503 6151
4794 9217
9365 2954
9438 5321
5607 4007
9751 3923
8987 6642
9719 9830
8032 9974
926 9888
155 6081
5310 7319
1259 154
2527 2753
9235 7716
3288 3720
678 9501
3675 8506
5138 5417
7448 6574
3374 643
9085 2409
9087 4628
9986 6481
9320 3426
3375 6049
2678 9257
4531 9593
59 9176
8964 704
2531 1598
7422 5727
1234 2178
1545 1079
2492 690
312 9287
1805 2440
9041 7273
1708 8069
350 816
2095 2317
6435 74
4854 4080
6677 7177
2353 9145
9498 3741
4180 3268
3800 9349
8330 3210
4918 15
6189 2130
6962 3573
479 6677
9666 6690
6325 7368
1517 4662
6795 5102
2953 9930
1454 5894
3642 6887
9766 2858
2895 8495
695 2486
6125 8433
2747 9172
6565 4583
3977 8103
8369 2837
3657 9973
6592 4318
9567 2092
4498 5449
9035 3644
7991 7837
8680 8396
3589 825
4177 3077
4561 4264
174 21
5634 2806
9749 7608
7753 9341
1501 3499
5125 7117
373 3562
144 5627
5003 6650
3023 5349
5168 9677
3646 2412
8453 4508
7511 3074
5954 2693
2755 2787
9675 8653
1832 1497
2400 4260
4487 7097
4647 6337
3291 6837
294 9476
4925 6645
517 2269
174 305
7000 1399
3929 4241
9379 778
5877 5052
2303 958
2603 4611
7123 5875
9185 4370
8772 3070
7073 6187
2685 7110
6356 145
6053 206
7645 8784
2598 1505
5766 2055
5204 8086
7608 7160
7470 4149
6287 9294
6657 1827
3712 9931
3473 8563
139 8254
9352 1110
8185 3151
2650 3496
1572 6484
8255 4446
2175 2769
7003 1541
3574 2607
1930 8775
2718 1015
8348 6870
6409 7338
6309 3910
1226 3559
8925 9324
3550 8826
6052 4420
426 3041
9320 598
9989 3076
2643 100
6424 4260
4800 5355
9431 8101
8078 9993
1522 3539
7390 8912
891 8796
5845 1965
5114 5785
4751 3765
1990 4337
9674 517
8439 1142
5013 2148
3166 9884
3010 3409
7710 8054
7697 7396
9837 9419
6628 3716
9628 1430
8932 7838
3013 3730
8369 6909
197 1480
7701 6039
4065 6224
9779 5351
3072 5624
7978 6878
8810 2903
4876 6744
5817 2981
3246 3191
1621 6034
9794 7384
8818 6583
1660 8257
516 8119
3549 9707
8952 4662
4458 1228
7540 240
7050 6731
6429 850
268 6407
2375 3829
6551 3908
9697 307
8009 319
7547 1752
6520 7518
9367 1828
9460 7601
7742 6524
8555 5135
8940 8609
9652 2436
5830 2823
7082 8856
3292 5515
2236 1457
3353 7184
6893 5252
4123 5006
43 6980
1242 8726
8217 852
5114 4294
2944 6736
637 2261
5508 273
5927 6605
1904 7690
4297 4099
9859 8700
134 7026
2831 1902
4739 3982
570 988
3520 4545
2944 1168
8208 4575
7915 2074
9090 5126
3786 498
879 8584
3672 3643
540 718
9367 9742
1749 5955
9697 1957
3424 9845
7012 675
4007 4462
4528 1709
4718 9730
9900 6697
7942 3778
1579 952
9942 7331
9762 7595
633 7331
1211 1905
5174 1544
9772 2519
2648 5543
6369 5387
5124 2994
1640 3020
1233 7883
5197 328
1938 8374
9601 8093
4272 8313
6029 3661
3527 7246
1327 3788
2470 9974
7248 8864
2269 1118
3420 4384
7502 9201
7526 2194
9113 761
3873 1246
6285 3497
9704 2420
4470 4417
3101 1376
5099 8883
4434 6795
3533 7942
8695 6784
2959 4381
6492 8463
3419 9932
9546 1770
9196 2006
502 4731
328 5739
5976 343
1594 2592
4254 4528
2917 4367
4550 1488
6270 5484
28 5220
4452 8147
2275 8575
6933 6969
4728 4821
6068 3218
8039 4806
7984 8415
1784 6975
615 2262
195 4829
6041 2975
4732 4744
4711 3994
6422 7895
4997 1422
3554 3148
3530 4226
1829 6380
420 8181
3173 9194
1003 4573
4355 5879
1314 3095
8099 9153
2388 8577
1850 4846
5607 7079
7135 1287
3594 9321
2682 2090
127 7087
9344 8767
8099 7455
2862 9656
1212 7504
9950 5452
1896 7202
4317 6610
6510 2263
1086 8321
8318 6145
5875 7673
7442 7450
6692 6573
5650 3573
6316 8915
6496 8899
751 9232
7457 2892
2290 2420
5179 2014
2695 791
20 6650
4928 9967
5294 1048
239 4231
7245 2404
573 671
2793 5346
5550 1713
4715 7539
5187 6237
4463 8986
1098 4444
9150 1147
5467 4265
2074 8015
4701 425
9017 5794
8642 616
7939 4449
9103 3587
2768 3352
6775 2355
6597 2602
4592 6010
438 4609
3772 9149
991 862
7071 5155
4641 7305
8657 7876
9816 1210
3916 2693
4824 9406
4003 200
7830 9156
6606 5820
5156 4122
5275 7793
3356 6883
8046 4722
6771 1857
564 1718
7528 1422
3534 2499
1618 9496
4164 1399
204 2054
8836 4647
7048 1163
9040 167
6708 5961
1409 350
5425 1532
7662 7979
5790 3153
998 4176
4994 3291
1672 1184
1343 8245
7882 2665
323 1805
5520 8050
8157 5912
408 6421
87 620
3992 3719
385 2886
1877 6885
3945 9725
9742 1450
6827 6216
3277 8541
7728 8629
7027 6117
80 1737
9762 4162
3288 3175
3449 5199
267 273
4132 2597
4565 8356
327 1184
8412 9674
9487 5252
7812 1257
9997 2688
1760 9449
2684 5179
3545 3178
9383 9286
4645 9215
9620 8778
9353 9749
87 1540
5187 1048
2448 751
2637 8212
8375 4417
9169 882
6144 583
8670 6601
9491 7891
3100 7434
9027 7082
1884 5162
6438 4845
5764 3657
279 7799
4304 8514
7838 8042
1452 9278
2627 613
6790 3674
9108 7958
3234 3866
8359 4113
6820 57
1304 1259
6431 224
639 6895
8459 6825
7822 757
3511 4210
9540 4015
8037 1098
9456 4155
6044 2592
9409 6674
2086 6056
6371 1470
25 1518
5873 8694
5630 1445
7917 3548
9986 9999
1574 8539
8992 7630
8800 4171
1223 6071
471 9738
2461 9079
6179 7934
1962 7899
1234 9047
8427 4756
7364 184
7847 8696
8376 85
5712 4843
9245 9883
3441 465
9610 2402
8366 9642
1366 3633
9223 4476
2620 877
7494 1980
8044 417
7515 1709
1394 6400
142 9267
7970 3297
9158 3754
2940 2819
692 1864
5880 9049
8042 5977
991 8670
7964 5591
7461 8672
8331 2108
5200 8407
6164 6753
6217 6590
3716 7739
8631 7359
5016 2693
2145 5384
4512 102
7181 2372
6188 756
2685 8261
4868 1121
4447 5157
140 1467
6317 2861
4503 1104
4037 5404
9325 119
4367 9705
6380 1736
9219 2671
1393 4493
32 8609
7195 4890
6467 3801
8547 178
8341 6335
4419 5741
5192 5727
9064 7525
5809 7310
9570 7581
5227 4288
6390 1889
5232 8512
2358 6766
3652 3218
1664 9266
3497 5541
2274 8836
534 1438
9448 6089
6455 86
2300 626
1059 5054
3587 782
1127 4644
4728 8884
8815 7442
4871 3754
1239 7960
2953 161
7544 2747
8420 567
1982 8246
2803 4955
2004 609
6686 2530
9093 6918
9385 7473
5349 9177
7549 1723
2796 5464
1113 4433
3095 9210
2982 7167
4996 2892
7325 6397
488 8493
1396 5233
8648 3873
783 9722
8754 8605
4401 8832
3495 4818
1774 8073
9763 8548
3105 4386
6345 5139
2484 7550
4593 9919
3246 3851
7747 9302
6934 516
8905 991
8553 5574
8982 2773
6248 1171
7219 5355
5876 428
5945 7252
8551 8300
1481 5096
9046 7987
314 461
6715 4028
6252 1403
3623 7642
9755 920
8112 2143
3701 215
7902 7281
2844 9362
3388 251
2083 8738
216 9017
9201 7141
3995 7158
5435 1050
4547 6814
7462 5530
9789 4945
4539 4853
9543 9670
3960 2799
4570 748
6845 717
989 1599
3686 4073
1121 9933
8721 5577
2106 2074
6798 3015
4723 616
3313 1111
9509 4879
9463 7510
171 1329
7924 1451
7941 9213
2724 3705
3235 7268
99 9418
3054 2705
8273 1509
9123 3403
8330 6336
8062 988
9119 3815
2339 5440
5981 1014
7281 1285
7914 3804
3094 4883
3293 381
8569 2534
9559 8413
959 5502
6277 9363
7023 8612
282 6870
7997 8318
1100 4678
9186 6749
1699 7015
6944 5749
8059 4969
4993 4446
7087 4061
6505 1207
