679
500 939
568 279
957 631
590 271
439 393
627 870
677 320
863 328
813 738
404 539
143 829
143 882
749 799
521 338
582 791
687 699
341 161
853 174
430 474
408 368
799 970
839 323
140 287
379 274
800 886
644 293
417 128
471 452
811 265
147 342
432 508
429 761
988 496
692 868
352 524
847 216
852 422
749 622
591 269
317 484
247 550
795 663
669 337
264 191
670 660
518 402
633 231
373 330
181 437
589 652
170 997
958 584
286 279
180 986
891 920
976 622
277 916
766 878
861 744
325 428
722 481
573 173
831 239
408 368
339 852
478 192
969 691
424 254
477 908
561 962
733 693
372 491
242 980
492 478
583 159
129 440
299 693
881 158
125 335
565 498
431 469
729 992
858 367
673 101
707 357
976 650
488 724
738 720
151 439
326 813
890 170
636 274
432 353
799 668
136 440
641 980
211 379
843 434
336 557
809 914
170 265
640 356
727 207
345 181
458 188
646 315
898 464
930 314
914 926
194 227
981 279
667 730
121 688
816 346
218 228
492 654
296 115
249 820
771 636
278 107
376 567
597 608
770 110
959 146
632 664
337 698
750 940
955 308
351 525
923 991
713 741
878 319
295 290
102 944
728 319
912 246
540 326
162 353
440 751
339 479
633 117
451 986
714 153
587 144
431 937
534 215
766 260
969 423
977 817
244 681
882 653
841 239
497 210
442 959
475 323
493 467
588 132
195 585
211 242
370 551
174 234
389 603
973 434
818 981
624 197
399 141
333 685
787 315
269 300
671 874
787 100
943 699
812 596
465 638
396 417
256 574
456 885
937 714
783 820
395 763
876 418
438 642
382 513
256 967
934 800
733 456
651 952
398 281
786 761
876 258
835 288
861 126
970 114
492 953
441 714
653 110
172 391
714 513
926 714
173 372
819 783
378 892
915 626
214 713
819 805
798 252
413 633
118 750
136 745
962 699
294 261
729 946
783 508
682 522
111 478
517 643
576 954
391 190
461 615
826 589
765 970
441 652
400 371
793 347
729 114
810 370
772 777
280 153
123 942
410 749
525 739
882 865
348 765
169 393
362 520
890 763
541 438
179 500
349 103
349 888
313 327
253 819
447 534
774 604
514 303
631 252
672 641
151 318
699 731
486 900
681 687
401 906
169 755
462 583
128 690
148 934
705 360
137 821
727 376
236 139
385 101
382 768
923 357
718 721
154 709
918 701
710 478
309 569
268 530
273 624
973 952
840 857
315 764
501 777
378 624
334 251
836 523
777 119
214 283
765 680
786 899
151 946
894 623
640 327
495 222
731 198
511 692
312 856
112 719
520 672
539 186
795 300
617 892
564 181
571 972
777 911
540 350
545 893
233 119
193 997
496 226
937 865
440 220
968 387
745 280
390 517
556 231
151 646
293 516
614 320
799 927
571 767
997 188
480 458
1000 874
599 494
587 688
334 213
410 331
459 293
632 951
735 870
530 912
776 599
849 785
584 341
338 268
253 629
892 248
909 970
459 574
718 403
966 895
293 424
539 577
902 611
825 742
713 762
731 999
299 512
708 619
860 726
180 212
340 162
404 415
359 287
936 149
574 450
240 829
332 728
810 687
945 681
698 498
766 162
875 142
533 845
871 597
414 322
297 546
251 483
312 624
196 603
921 929
294 447
535 486
566 330
464 840
694 952
309 667
923 571
231 627
108 214
304 402
923 692
429 861
224 398
295 677
945 147
788 174
845 396
788 431
207 213
292 884
772 966
998 935
510 884
105 987
929 958
662 489
743 680
852 321
361 811
293 739
343 135
923 642
140 179
267 366
693 740
423 400
411 269
189 361
875 638
751 308
644 508
519 146
441 517
661 227
340 252
512 559
404 500
750 966
909 863
770 699
684 719
602 904
653 328
795 393
386 687
306 589
765 167
850 968
838 279
486 967
498 240
232 551
904 823
728 365
385 936
338 926
540 986
345 869
409 411
715 206
866 792
876 251
340 878
721 188
867 717
878 571
808 602
814 874
924 305
694 177
298 191
528 773
691 353
975 962
999 858
807 225
907 815
309 804
462 811
929 279
380 359
691 697
501 385
901 784
239 441
238 174
969 384
100 479
745 451
248 159
117 427
240 927
431 469
894 522
840 552
491 714
717 414
758 758
642 120
330 735
855 396
654 337
955 487
551 855
426 897
237 216
472 410
431 497
261 424
103 121
470 916
658 530
834 606
998 896
932 832
884 639
796 753
351 115
926 624
835 285
995 217
302 556
653 629
606 679
630 193
867 194
111 227
473 662
183 567
859 719
423 901
778 526
176 362
569 160
163 521
453 656
482 473
971 203
634 425
722 117
131 145
124 635
942 413
916 752
711 577
561 982
731 313
609 870
262 338
454 419
359 187
724 997
793 578
236 893
657 665
168 341
685 224
742 350
229 242
255 373
749 644
734 693
887 499
897 522
882 285
477 917
598 676
797 467
187 903
486 163
695 433
859 387
688 677
183 395
157 375
141 397
891 950
581 862
212 215
505 245
360 244
794 449
773 706
498 822
864 311
994 174
234 176
782 818
219 236
435 591
109 385
350 242
891 158
447 266
476 838
535 838
169 757
983 879
273 432
813 205
428 811
875 505
715 109
908 975
827 112
850 857
577 949
705 349
718 765
133 304
378 193
279 850
716 791
624 713
853 666
395 417
645 138
795 624
314 767
132 612
546 395
192 524
267 522
355 363
248 365
922 933
148 645
904 139
790 769
412 918
413 915
760 740
559 302
982 707
947 197
458 262
719 821
892 840
233 959
119 769
837 842
320 184
638 786
521 516
878 947
828 930
383 465
873 534
777 859
754 646
882 442
574 924
396 925
830 681
149 564
265 600
149 190
948 559
446 599
453 630
688 181
193 522
904 501
614 160
723 203
764 652
655 485
647 651
604 759
446 759
366 750
845 369
954 413
857 245
150 811
575 256
388 729
170 790
839 400
954 814
607 556
219 741
248 376
428 522
732 360
602 784
729 110
411 283
905 277
152 466
949 964
439 544
303 251
786 727
105 460
300 572
850 140
533 223
300 130
798 276
392 716
357 266
332 399
878 150
757 906
927 538
