235
314 164
751 965
665 965
904 888
717 305
423 603
341 634
879 247
483 938
132 498
174 503
118 142
523 715
398 311
631 797
125 139
328 760
737 812
482 375
319 256
515 955
688 401
323 166
375 965
619 972
478 895
773 321
316 451
879 946
269 622
434 542
331 405
582 985
542 856
338 890
522 312
360 436
675 378
239 601
531 235
966 650
863 926
722 716
355 277
537 739
458 467
687 618
248 478
463 874
379 527
511 197
149 672
431 873
458 417
175 574
288 972
937 121
710 440
874 958
733 518
480 725
273 562
118 883
565 229
965 596
583 550
123 490
671 978
499 344
834 212
857 740
143 268
463 694
563 966
426 509
369 865
773 409
837 704
469 569
173 820
302 721
233 771
607 125
846 640
448 909
499 720
630 150
774 768
573 422
634 408
982 574
130 944
332 356
578 721
193 326
145 548
963 286
413 951
600 577
917 183
713 778
553 782
645 855
382 140
104 413
732 514
239 125
855 543
582 108
919 143
107 113
229 175
181 683
738 493
984 737
788 810
233 694
652 367
936 989
271 163
336 375
432 939
411 919
326 589
254 203
172 188
442 161
365 963
536 691
488 927
704 774
164 703
824 649
618 558
967 806
386 906
643 356
755 978
132 701
778 730
490 301
836 647
510 670
934 974
153 506
720 366
762 921
179 632
648 294
806 909
306 122
855 129
429 914
328 101
466 851
741 212
841 285
653 267
103 765
927 871
396 709
357 896
943 476
213 186
550 905
110 121
578 200
993 589
187 755
620 923
201 587
545 827
407 778
571 241
895 146
570 928
399 720
948 988
694 214
104 931
385 553
891 277
748 665
641 198
619 207
620 181
259 323
475 759
531 633
946 541
629 676
720 691
703 571
529 287
286 316
539 973
923 754
636 705
282 376
467 791
514 528
775 687
156 665
752 306
915 202
588 176
788 431
686 282
900 680
957 943
285 336
300 295
657 243
889 106
830 809
364 276
511 657
176 231
285 773
369 223
594 110
976 772
410 129
824 510
586 430
441 927
878 806
249 575
359 853
822 585
963 948
552 304
296 789
586 428
990 684
