866
676 668
596 586
151 441
673 184
575 899
596 143
697 105
641 239
479 945
825 940
558 961
402 663
218 596
320 224
710 396
689 988
747 186
568 583
766 572
755 271
422 342
104 311
518 403
255 246
414 899
139 784
621 136
601 336
754 157
776 517
277 367
901 516
513 345
352 475
229 284
528 387
385 180
801 485
135 606
753 322
665 668
286 454
896 532
979 353
301 950
925 496
671 260
944 302
657 500
148 223
737 402
863 492
855 421
325 187
159 636
253 694
946 508
222 247
237 187
196 883
338 254
197 408
401 434
864 802
699 227
127 181
531 449
637 184
222 486
606 262
398 505
899 334
918 742
794 668
568 978
574 682
353 635
225 330
978 253
659 430
926 965
183 301
621 140
180 989
630 295
986 321
564 952
384 955
533 177
912 584
757 959
888 874
770 376
496 722
673 603
884 581
252 145
510 815
555 952
704 694
510 153
744 988
461 164
263 523
549 191
460 480
382 159
733 472
972 278
848 948
922 873
634 705
799 417
441 901
618 112
398 786
793 817
667 403
399 851
912 789
800 600
107 728
757 998
920 434
194 190
426 975
100 909
270 857
387 734
469 384
503 257
126 652
651 260
802 650
661 620
296 849
643 172
185 195
731 951
220 173
303 791
502 267
927 289
547 762
187 868
557 953
974 648
953 122
844 222
452 622
988 242
840 961
602 945
868 144
700 346
575 165
144 711
780 727
881 162
324 165
330 419
869 864
129 441
167 119
263 885
702 669
960 397
723 452
512 297
659 156
659 652
159 703
920 658
540 385
150 385
414 1000
857 806
522 892
161 641
514 126
686 492
926 560
857 166
575 490
807 342
711 335
469 340
560 681
148 271
303 729
879 222
413 622
425 318
450 810
169 349
239 463
731 240
473 820
342 649
916 723
863 267
214 544
719 163
857 405
608 800
933 740
289 339
625 826
359 613
660 933
459 292
309 928
617 607
311 431
230 710
953 971
562 315
280 371
381 933
629 226
939 727
188 278
791 499
993 324
708 751
484 928
209 906
412 504
432 924
585 275
759 370
814 474
652 575
220 631
817 125
100 895
602 328
119 162
179 701
647 358
978 232
362 294
278 337
790 626
650 224
815 977
802 185
241 558
582 314
491 116
731 957
162 421
935 199
121 500
239 641
241 107
420 685
805 902
503 331
134 431
128 495
164 265
843 577
523 697
423 885
437 349
932 635
189 283
889 150
969 600
933 392
720 351
345 449
619 528
745 487
450 990
859 585
346 769
521 764
168 888
124 687
763 682
877 241
988 269
211 733
207 553
308 617
811 695
444 897
469 910
286 920
205 209
896 852
231 123
417 554
841 210
666 308
208 686
672 154
789 294
501 111
272 421
598 565
128 694
906 504
209 916
832 388
749 375
705 785
276 503
998 999
371 855
555 934
999 274
440 962
328 770
406 538
772 644
900 533
687 896
444 264
996 490
409 210
497 347
621 641
313 728
637 238
331 342
339 973
852 491
964 221
860 617
951 386
762 384
472 355
249 500
702 103
607 538
863 215
811 976
594 802
229 235
237 576
209 614
242 102
994 392
449 224
252 441
943 603
901 131
430 597
376 976
935 274
619 540
615 779
799 283
520 122
722 552
725 995
305 664
186 452
400 132
701 869
159 554
703 827
259 240
713 116
737 521
328 348
267 194
975 103
218 268
506 951
584 225
597 556
410 491
417 704
566 788
397 170
239 303
877 894
293 181
515 943
674 196
156 497
112 780
807 790
917 984
939 944
738 463
119 760
463 407
705 241
493 901
984 901
567 526
733 183
899 219
923 535
536 490
121 161
519 885
886 995
333 949
821 447
644 884
763 286
376 538
871 518
185 499
709 267
454 138
434 956
727 523
673 405
881 237
371 918
497 776
362 972
201 177
375 986
584 601
694 710
787 758
363 629
404 640
471 851
645 625
679 839
393 643
322 671
174 195
281 795
668 325
836 684
669 620
338 134
154 889
302 360
324 188
284 982
446 396
315 233
460 511
330 617
932 685
722 354
576 886
958 793
840 980
642 379
624 443
949 497
578 545
208 427
630 422
240 649
333 216
623 593
641 164
156 791
804 488
719 612
924 159
939 501
908 340
485 210
536 379
833 557
869 216
236 874
193 938
515 186
980 227
666 721
794 224
596 720
490 395
397 410
701 431
499 687
859 938
227 693
815 782
617 874
342 680
904 502
545 536
224 332
433 567
651 247
261 886
784 716
924 197
671 932
206 514
705 817
809 637
558 209
700 950
401 351
566 988
996 753
621 669
680 500
475 548
275 726
835 886
446 122
788 441
223 432
322 876
371 561
377 842
984 541
507 833
300 518
444 573
715 959
745 160
930 453
774 736
585 506
399 658
429 610
421 463
853 967
559 288
369 225
162 530
210 116
733 886
433 114
606 606
884 495
980 515
583 404
886 589
378 728
165 994
971 255
993 836
314 797
721 958
989 223
375 696
523 414
559 588
105 767
474 923
999 964
230 468
611 365
319 712
570 177
255 138
559 662
694 680
506 690
511 699
936 332
860 662
690 926
397 913
421 245
179 536
368 507
707 873
994 996
447 985
255 198
501 809
603 370
904 473
212 290
577 347
915 921
337 423
192 982
368 162
406 315
800 183
731 688
920 132
296 832
820 769
644 812
211 657
875 914
489 400
152 863
228 778
569 767
751 374
362 925
784 370
879 126
474 588
749 287
337 759
165 545
201 431
664 387
470 278
423 281
384 661
552 497
939 624
885 693
822 954
122 168
958 921
883 695
741 534
228 823
529 731
913 625
962 870
579 171
948 156
728 911
747 311
109 396
843 193
620 896
171 892
516 392
682 930
160 819
859 327
901 656
412 1000
740 512
466 873
401 179
761 666
233 997
483 559
206 536
247 905
521 696
353 138
176 463
709 168
669 971
982 124
322 572
128 460
509 233
490 249
766 560
119 331
473 113
475 862
240 751
908 703
729 818
268 517
486 538
923 594
715 564
594 610
331 164
399 636
103 720
165 139
201 885
286 577
413 802
757 431
597 168
320 267
594 220
943 146
261 699
946 541
169 726
630 212
571 603
435 555
566 741
758 362
317 231
186 789
579 611
716 869
446 148
118 403
993 734
846 751
849 808
135 850
472 602
960 190
766 450
236 809
222 878
259 747
303 747
351 396
189 180
476 790
612 684
909 299
524 731
712 416
797 719
377 597
750 554
367 130
816 258
715 844
251 576
331 721
504 957
121 911
243 840
953 775
217 600
517 483
162 799
653 758
697 919
413 521
521 375
821 629
473 260
496 335
257 272
658 506
930 768
737 666
382 335
448 455
826 1000
364 735
100 820
886 726
418 850
365 377
824 863
955 734
849 684
888 415
679 107
542 914
150 977
822 801
410 717
109 940
936 444
545 481
414 782
254 176
179 512
410 435
522 378
351 412
328 791
553 671
624 124
728 137
634 403
886 373
743 812
113 827
431 716
388 536
393 415
207 798
672 914
955 500
852 242
481 411
969 231
627 760
609 335
459 768
423 811
454 215
258 648
915 550
902 804
150 649
525 226
977 537
575 767
130 550
257 840
696 508
100 869
830 802
545 759
468 384
689 308
585 886
450 754
357 482
278 459
353 761
883 375
683 525
732 795
744 170
360 487
446 708
526 744
368 236
701 179
583 454
712 384
560 722
614 461
221 449
652 459
640 242
935 993
915 155
351 345
435 203
167 200
540 342
664 633
624 232
609 973
751 775
885 850
564 101
957 836
363 848
381 615
513 886
461 468
274 390
432 952
834 391
993 322
389 607
784 592
795 696
333 805
780 408
600 989
796 357
477 118
187 524
807 901
193 585
802 881
851 941
804 320
834 336
116 721
168 209
388 210
975 577
131 682
397 533
192 859
532 937
342 826
580 207
297 283
539 103
535 106
288 375
